5000000, 1, 2.836322, 3.984448, 4.089726, 5.838582
5000000, 2, 1.994010, 3.594144, 4.103589, 4.216956
5000000, 3, 2.650478, 4.071585, 3.976301, 4.379458
5000000, 4, 2.663668, 3.574979, 4.026673, 4.166529
5000000, 5, 2.672128, 3.469312, 5.545945, 4.112772
5000000, 6, 2.608521, 3.595059, 4.066351, 4.055347
5000000, 7, 2.622129, 3.658315, 5.992571, 4.407188
5000000, 8, 2.647126, 7.069075, 3.948853, 4.210143
5000000, 9, 2.653865, 3.565361, 3.981885, 4.785398
5000000, 10, 2.633840, 3.964480, 3.959863, 4.389850
10000000, 1, 5.543039, 6.857716, 7.908010, 7.888051
10000000, 2, 5.690513, 6.374048, 7.411262, 7.934454
10000000, 3, 5.659809, 7.859548, 7.190243, 7.768764
10000000, 4, 5.714311, 7.694076, 7.579016, 7.899692
10000000, 5, 5.722455, 7.552038, 7.341629, 7.933246
10000000, 6, 5.734556, 7.676440, 7.456340, 8.826816
10000000, 7, 5.635136, 6.727300, 7.808604, 8.020364
10000000, 8, 5.665553, 6.671681, 7.878628, 8.652067
10000000, 9, 5.728888, 7.687707, 7.571890, 7.792801
10000000, 10, 5.748742, 6.747610, 7.629698, 9.565716
15000000, 1, 8.791838, 10.263777, 10.877347, 13.054718
15000000, 2, 8.897832, 8.525186, 10.848024, 11.818069
15000000, 3, 8.949761, 9.360067, 10.943762, 12.437270
15000000, 4, 8.848307, 9.149740, 11.656101, 12.602823
15000000, 5, 8.977976, 10.352657, 14.944526, 11.323718
15000000, 6, 8.845032, 10.685126, 11.297872, 12.247187
15000000, 7, 9.008456, 10.901189, 11.420256, 13.383787
15000000, 8, 9.007132, 9.897765, 10.675776, 11.206650
15000000, 9, 8.953781, 9.675040, 10.796676, 11.386431
15000000, 10, 8.921106, 9.183525, 12.471604, 12.706305
20000000, 1, 12.023850, 15.108933, 15.347385, 20.779100
20000000, 2, 12.095018, 19.399781, 16.629659, 17.182716
20000000, 3, 12.250160, 19.648336, 14.463206, 16.848232
20000000, 4, 12.266463, 16.415935, 15.501851, 17.376632
20000000, 5, 12.074783, 13.265878, 15.572095, 16.990769
20000000, 6, 12.280616, 12.955330, 16.476126, 16.060170
20000000, 7, 12.190027, 13.472089, 14.181624, 17.563558
20000000, 8, 12.406053, 13.359262, 15.862100, 15.886216
20000000, 9, 12.166427, 13.789463, 14.221780, 15.953812
20000000, 10, 12.122507, 15.192089, 15.128771, 16.010879
25000000, 1, 15.104947, 16.776711, 18.691873, 19.948237
25000000, 2, 15.558736, 15.876885, 33.712598, 29.041829
25000000, 3, 15.035701, 18.300880, 18.710789, 21.027223
25000000, 4, 15.565000, 18.167264, 17.990340, 22.873982
25000000, 5, 15.506282, 22.735491, 17.976336, 33.480741
25000000, 6, 15.536940, 16.054990, 17.526875, 20.329802
25000000, 7, 15.355421, 23.840438, 17.867129, 22.287117
25000000, 8, 15.417401, 22.069718, 19.508939, 20.269046
25000000, 9, 15.481571, 16.262744, 18.072036, 21.671604
25000000, 10, 15.522412, 16.593049, 20.998931, 20.774042
30000000, 1, 18.751534, 29.730013, 24.334679, 23.138764
30000000, 2, 19.089647, 20.484423, 30.829069, 24.100746
30000000, 3, 19.076283, 21.330197, 21.203747, 24.344606
30000000, 4, 19.244060, 21.453717, 22.713822, 25.549711
30000000, 5, 19.058596, 20.826221, 23.146256, 24.389103
30000000, 6, 18.965540, 19.379426, 23.200931, 23.478046
30000000, 7, 19.140251, 20.697107, 23.847927, 26.938171
30000000, 8, 18.366817, 18.991864, 21.577333, 25.621581
30000000, 9, 19.006294, 20.725178, 27.629537, 25.050216
30000000, 10, 19.122640, 20.564138, 26.605145, 25.056754
35000000, 1, 22.137969, 32.915984, 25.697966, 29.059284
35000000, 2, 22.635441, 22.732817, 27.952073, 27.346342
35000000, 3, 22.677759, 23.075857, 29.428705, 32.412031
35000000, 4, 22.670025, 30.742813, 34.302921, 26.783798
35000000, 5, 22.274237, 34.199577, 27.865933, 33.685281
35000000, 6, 22.965498, 26.485601, 25.335214, 29.149017
35000000, 7, 22.447821, 23.010400, 29.081571, 31.850139
35000000, 8, 22.425526, 24.761100, 25.221765, 28.288301
35000000, 9, 22.566569, 27.892240, 50.323937, 32.601918
35000000, 10, 22.399228, 28.277263, 33.005216, 31.849338
40000000, 1, 25.221098, 26.351214, 33.907177, 33.120936
40000000, 2, 26.042263, 30.576148, 33.185993, 32.204198
40000000, 3, 26.069320, 31.236634, 37.269443, 34.395279
40000000, 4, 25.878803, 31.134689, 35.369433, 37.026773
40000000, 5, 25.744486, 25.158660, 30.547080, 46.480454
40000000, 6, 25.999210, 30.325725, 33.591954, 34.900014
40000000, 7, 25.997197, 28.549562, 57.818122, 35.278282
40000000, 8, 25.492094, 35.626914, 31.102878, 34.223560
40000000, 9, 26.112241, 25.659165, 29.872552, 36.523092
40000000, 10, 26.016307, 23.785553, 33.133078, 32.423179
45000000, 1, 28.666720, 32.190889, 33.589990, 41.176432
45000000, 2, 29.605094, 34.204975, 34.796134, 35.859117
45000000, 3, 29.642299, 31.464975, 41.434956, 40.540756
45000000, 4, 29.141045, 37.878453, 70.315102, 41.556677
45000000, 5, 29.784849, 42.811671, 37.038271, 41.167485
45000000, 6, 29.415227, 33.763839, 35.564169, 95.281408
45000000, 7, 29.179063, 32.631868, 37.452327, 42.402347
45000000, 8, 29.844560, 35.655805, 44.205631, 43.725522
45000000, 9, 29.700974, 29.617577, 36.263649, 50.725681
45000000, 10, 29.485688, 37.409873, 35.486072, 135.999827
50000000, 1, 32.211543, 48.921887, 36.089385, 39.387020
50000000, 2, 33.098825, 56.736693, 43.525138, 42.080347
50000000, 3, 33.339382, 39.980576, 46.340942, 58.594317
50000000, 4, 33.383079, 42.163295, 44.584580, 47.171891
50000000, 5, 33.588193, 41.385450, 38.668668, 46.760207
50000000, 6, 32.728450, 39.973345, 41.982125, 49.750440
50000000, 7, 33.177210, 33.244838, 56.462114, 44.925994
50000000, 8, 32.376414, 42.392653, 34.380176, 76.683698
50000000, 9, 24.790904, 100.812157, 43.719434, 41.408451
50000000, 10, 24.815091, 42.563709, 38.275645, 41.090654
